"candidates": [[1676572099, 5], [1530143680, 16], [1736125752, 20000], [1264317318, 14], [1526705355, 52971], [7090355778, 112], [1526193121, 523], [1396800442, 66593], [1798146797, 112], [359991668, 45], [1676572122, 343], [1736120063, 160], [359991674, 73], [1530143868, 86], [1396810318, 17], [359991673, 31], [442898018, 67]]

1396800442
1736125752
1526705355


Best Solution: [0, 0, 1, 0, 1, 0, 0, 1, 0, 0, 0, 0, 0, 0, 0, 0, 0]
The 3 stations will be located in intersections:
1736125752
1526705355
1396800442
