

sample-problems-lab2/small/
calle_condesa_de_trifaldi_albacete_500_0_candidates_18_ns_3.json
total seconds is : 0:00:00.027656

Best Solution: [0, 0, 1, 0, 0, 0, 0, 0, 0, 0, 0, 1, 0, 0, 0, 0, 0, 1]
The 3 stations will be located in intersections:
1526728367
1529475130
9517864886

Best Solution Fitness: 774.9833226963964
A_star calls: 
	total --> 19656 
	real --> 324
Evaluated individuals: 
	total --> 10200 
	real --> 364

__________________________________________________

calle_agustina_aroca_albacete_250_0_candidates_75_ns_7.json
total seconds is : 0:00:00.327243

Best Solution: [0, 0, 0, 0, 0, 0, 0, 0, 0, 0, 0, 0, 0, 0, 0, 0, 0, 1, 0, 0, 0, 0, 0, 0, 0, 0, 1, 0, 0, 0, 0, 0, 0, 0, 0, 0, 0, 0, 0, 0, 1, 0, 0, 0, 0, 0, 1, 0, 0, 0, 0, 1, 0, 0, 0, 0, 1, 0, 0, 0, 0, 0, 0, 0, 0, 1, 0, 0, 0, 0, 0, 0, 0, 0, 0]
The 7 stations will be located in intersections:
1557262702
1528181111
1528181129
1530897844
1835353347
1560897811
1991970566

Best Solution Fitness: 715.4223566343514
A_star calls: 
	total --> 1418025 
	real --> 5625
Evaluated individuals: 
	total --> 10200 
	real --> 2701

__________________________________________________

calle_herreros_albacete_250_1_candidates_25_ns_5.json
total seconds is : 0:00:00.049520

Best Solution: [1, 0, 0, 0, 1, 0, 0, 1, 0, 1, 0, 1, 0, 0, 0, 0, 0, 0, 0, 0, 0, 0, 0, 0, 0]
The 5 stations will be located in intersections:
946558782
772970912
4404600177
4575714125
265487272

Best Solution Fitness: 198.30738513070804
A_star calls: 
	total --> 125750 
	real --> 625
Evaluated individuals: 
	total --> 10200 
	real --> 1006

__________________________________________________

sample-problems-lab2/medium/
calle_agustina_aroca_albacete_500_1_candidates_89_ns_22.json
total seconds is : 0:00:02.377283

Best Solution: [0, 1, 0, 1, 0, 1, 1, 0, 0, 1, 0, 0, 1, 0, 0, 0, 0, 1, 0, 0, 1, 1, 0, 1, 0, 0, 0, 0, 0, 0, 0, 0, 1, 0, 0, 1, 1, 1, 0, 0, 0, 0, 0, 0, 0, 1, 1, 0, 0, 0, 0, 0, 0, 0, 0, 0, 0, 1, 0, 1, 0, 0, 0, 0, 0, 0, 0, 0, 0, 0, 0, 1, 0, 0, 0, 0, 0, 0, 1, 0, 0, 0, 0, 0, 0, 0, 1, 0, 1]
The 22 stations will be located in intersections:
1528181112
618009048
1528181137
1528160276
2736548945
1528181134
1991970566
1572439161
1574608068
1565088794
335720320
1574608075
434369338
1530897624
1255528468
1554813465
1526105942
1572435255
1554813425
1526105992
1574598083
335607957

Best Solution Fitness: 399.81116327472074
A_star calls: 
	total --> 11029414 
	real --> 7921
Evaluated individuals: 
	total --> 10200 
	real --> 5633

__________________________________________________

calle_antonio_gotor_albacete_500_4_candidates_118_ns_13.json
total seconds is : 0:00:01.492403

Best Solution: [0, 0, 0, 0, 0, 0, 0, 0, 0, 0, 0, 0, 0, 0, 0, 0, 0, 0, 1, 0, 0, 0, 0, 0, 0, 0, 0, 1, 0, 0, 0, 1, 0, 0, 0, 0, 0, 0, 0, 0, 0, 0, 0, 0, 0, 0, 0, 0, 0, 0, 1, 0, 0, 1, 0, 1, 0, 0, 0, 0, 0, 0, 0, 0, 0, 0, 1, 0, 0, 0, 0, 0, 0, 0, 1, 0, 0, 0, 0, 0, 0, 0, 0, 0, 1, 0, 0, 0, 0, 0, 0, 0, 0, 0, 0, 0, 1, 0, 0, 1, 0, 0, 0, 0, 0, 1, 0, 0, 0, 0, 0, 0, 0, 0, 0, 1, 0, 0]
The 13 stations will be located in intersections:
1529202111
1530704632
539420443
1529475130
1529669447
442882995
442909903
1526728304
1531659768
539830999
1540598147
621979238
2028804172

Best Solution Fitness: 1109.7389015156782
A_star calls: 
	total --> 6475014 
	real --> 13924
Evaluated individuals: 
	total --> 10200 
	real --> 4221

__________________________________________________

calle_palmas_de_gran_canaria_albacete_500_2_candidates_167_ns_23.json
total seconds is : 0:00:04.916969

Best Solution: [0, 0, 1, 0, 0, 0, 0, 1, 0, 0, 0, 0, 0, 0, 0, 0, 1, 0, 0, 1, 0, 0, 0, 0, 0, 0, 1, 0, 0, 1, 0, 0, 0, 0, 0, 0, 0, 0, 0, 0, 0, 0, 0, 0, 1, 0, 0, 0, 0, 0, 0, 0, 0, 0, 1, 0, 0, 0, 0, 0, 0, 1, 0, 0, 0, 0, 0, 0, 0, 0, 0, 0, 0, 1, 0, 0, 1, 0, 0, 0, 0, 1, 0, 1, 0, 0, 0, 0, 0, 0, 0, 0, 0, 0, 1, 0, 0, 1, 0, 0, 0, 0, 0, 0, 0, 0, 0, 0, 0, 0, 1, 0, 0, 0, 1, 0, 0, 0, 0, 1, 0, 0, 0, 0, 0, 0, 0, 0, 0, 0, 0, 0, 0, 0, 0, 0, 0, 1, 0, 0, 0, 0, 0, 0, 0, 0, 0, 0, 0, 0, 1, 0, 0, 1, 0, 0, 0, 0, 0, 0, 1, 0, 0, 1, 0, 0, 0]
The 23 stations will be located in intersections:
1984658040
539831088
1526108356
1531673357
6296438171
335606022
1529202111
1530897531
1255547644
335607940
1983117780
1562200802
335607946
1628459226
552477911
1528823390
1255547648
551594146
1529201982
1579347325
551594220
1528823288
1529475081

Best Solution Fitness: 1263.9484768309153
A_star calls: 
	total --> 20603124 
	real --> 27889
Evaluated individuals: 
	total --> 10200 
	real --> 5364

__________________________________________________

calle_ínsula_barataria_albacete_500_0_candidates_140_ns_34.json
total seconds is : 0:00:07.119019

Best Solution: [1, 0, 1, 0, 0, 0, 0, 0, 0, 0, 0, 0, 0, 1, 0, 0, 1, 1, 0, 1, 0, 0, 1, 0, 0, 0, 0, 1, 1, 0, 0, 0, 1, 0, 0, 0, 0, 0, 1, 0, 0, 1, 0, 0, 1, 0, 0, 0, 1, 0, 0, 0, 0, 0, 0, 1, 0, 0, 0, 0, 1, 0, 1, 0, 0, 0, 0, 0, 0, 0, 0, 1, 1, 1, 0, 0, 1, 1, 1, 0, 0, 1, 0, 0, 0, 1, 0, 0, 0, 0, 0, 0, 0, 1, 0, 0, 1, 0, 1, 1, 0, 0, 0, 0, 0, 1, 0, 0, 0, 0, 1, 0, 0, 0, 0, 0, 0, 0, 0, 0, 0, 0, 0, 0, 0, 0, 0, 0, 1, 0, 1, 0, 1, 0, 0, 0, 0, 0, 0, 0]
The 34 stations will be located in intersections:
539833069
333720921
1526728370
1529202109
1526728376
1562200768
1530897585
1526752502
1256026700
1529475300
1266037410
1530897650
499274675
1528832261
344736237
539830996
1529202047
1577308277
1526728410
1322977383
1836678891
1529475130
539831002
1530897562
1529623313
1529475090
1529475169
1635557952
539831085
1526728361
1530722043
1529202053
1529475193
1526728406

Best Solution Fitness: 475.6686514334425
A_star calls: 
	total --> 30835280 
	real --> 19600
Evaluated individuals: 
	total --> 10200 
	real --> 6478

__________________________________________________

camino_de_alto_los_chorlitos_albacete_2000_4_candidates_121_ns_28.json
total seconds is : 0:00:04.863486

Best Solution: [0, 0, 0, 0, 1, 1, 1, 0, 0, 0, 1, 0, 0, 0, 0, 0, 0, 1, 0, 1, 0, 0, 0, 0, 0, 0, 1, 0, 1, 0, 0, 0, 0, 0, 0, 0, 0, 1, 1, 0, 0, 0, 0, 0, 0, 0, 1, 0, 0, 0, 0, 1, 1, 0, 0, 0, 0, 1, 1, 1, 0, 0, 0, 0, 0, 0, 1, 0, 0, 0, 0, 0, 1, 0, 0, 1, 0, 0, 0, 1, 0, 0, 0, 1, 0, 0, 1, 0, 0, 0, 0, 1, 0, 1, 0, 0, 0, 0, 0, 0, 0, 0, 0, 1, 0, 1, 1, 0, 0, 0, 0, 0, 0, 0, 0, 0, 0, 1, 0, 0, 0]
The 28 stations will be located in intersections:
1545913495
1954979528
1534536946
1516365132
9630348450
8673752663
1537103898
1733470299
2021463844
1733470041
2710628860
2006872018
1551656326
9503925087
1736047795
1560680561
1733496468
1537104021
1603945225
1845567317
1566089589
1551603668
2006872098
11404296427
1535219742
1736047793
1537058001
1534537007

Best Solution Fitness: 1067.5049953707294
A_star calls: 
	total --> 20202644 
	real --> 14641
Evaluated individuals: 
	total --> 10200 
	real --> 5963

__________________________________________________

calle_f_albacete_2000_0_candidates_25_ns_4.json
total seconds is : 0:00:00.054712

Best Solution: [0, 0, 1, 0, 0, 0, 0, 0, 0, 0, 0, 0, 0, 0, 0, 0, 0, 0, 0, 0, 0, 1, 0, 1, 1]
The 4 stations will be located in intersections:
7350762710
1961392153
2163186255
4224196989

Best Solution Fitness: 275.496192926666
A_star calls: 
	total --> 107100 
	real --> 625
Evaluated individuals: 
	total --> 10200 
	real --> 1071

__________________________________________________

camino_de_alto_los_chorlitos_albacete_2000_2_candidates_38_ns_6.json
total seconds is : 0:00:00.141310

Best Solution: [0, 0, 0, 0, 0, 0, 0, 0, 1, 0, 1, 0, 1, 0, 1, 0, 0, 0, 0, 0, 0, 0, 0, 0, 0, 0, 0, 0, 0, 0, 0, 1, 1, 0, 0, 0, 0, 0]
The 6 stations will be located in intersections:
1733470460
1537103992
1958868552
2006872082
344863325
9503910580

Best Solution Fitness: 1601.4790022023801
A_star calls: 
	total --> 492024 
	real --> 1444
Evaluated individuals: 
	total --> 10200 
	real --> 2158

__________________________________________________

calle_franciscanos_albacete_500_3_candidates_107_ns_8.json
total seconds is : 0:00:00.765260

Best Solution: [0, 0, 0, 0, 0, 0, 1, 0, 0, 0, 0, 0, 0, 0, 0, 0, 0, 0, 0, 0, 1, 0, 0, 0, 0, 0, 0, 0, 0, 0, 0, 0, 0, 0, 0, 0, 0, 0, 0, 0, 1, 1, 0, 0, 0, 0, 0, 0, 0, 0, 0, 0, 0, 0, 0, 0, 0, 0, 0, 0, 0, 0, 0, 0, 0, 0, 0, 0, 0, 0, 0, 0, 0, 1, 0, 0, 0, 0, 0, 0, 0, 0, 0, 0, 0, 0, 1, 0, 0, 0, 0, 0, 0, 0, 0, 0, 1, 0, 0, 0, 0, 0, 1, 0, 0, 0, 0]
The 8 stations will be located in intersections:
1530201979
1256026682
1628459226
1540598147
1528823331
621979263
1255547648
335607940

Best Solution Fitness: 1543.384219878986
A_star calls: 
	total --> 3140664 
	real --> 11449
Evaluated individuals: 
	total --> 10200 
	real --> 3669

__________________________________________________


